{
  "cameras": [
    {
      "far_clip_ratio": 20.0,
      "fov": 20.0,
      "label": "def_v1",
      "near_clip_ratio": 0.004999999888241291,
      "projection_mode": "Perspective",
      "view_mat": [
        0.9569928050041199,
        4.94765117764473e-10,
        0.29011270403862,
        -0.5306141972541809,
        0.031121322885155678,
        0.9942289590835571,
        -0.10265965759754181,
        -0.603484034538269,
        -0.2884388864040375,
        0.1072731539607048,
        0.9514700174331665,
        -4.46464729309082,
        0.0,
        0.0,
        0.0,
        1.0
      ]
    },
    {
      "far_clip_ratio": 20.0,
      "fov": 20.0,
      "label": "def_v1_1",
      "near_clip_ratio": 0.004999999888241291,
      "projection_mode": "Perspective",
      "view_mat": [
        -0.7716058492660522,
        -1.0477378964424133e-09,
        0.6361021995544434,
        0.27152928709983826,
        0.03509024530649185,
        0.998476505279541,
        0.042565248906612396,
        -0.6335433721542358,
        -0.6351328492164612,
        0.05516442656517029,
        -0.7704299688339233,
        -3.9576048851013184,
        0.0,
        0.0,
        0.0,
        1.0
      ]
    },
    {
      "far_clip_ratio": 20.0,
      "fov": 20.0,
      "label": "def_v2",
      "near_clip_ratio": 0.004999999888241291,
      "projection_mode": "Perspective",
      "view_mat": [
        0.9569928050041199,
        4.94765117764473e-10,
        0.29011270403862,
        -0.5306141972541809,
        0.031121322885155678,
        0.9942289590835571,
        -0.10265965759754181,
        -0.603484034538269,
        -0.2884388864040375,
        0.1072731539607048,
        0.9514700174331665,
        -4.46464729309082,
        0.0,
        0.0,
        0.0,
        1.0
      ]
    },
    {
      "far_clip_ratio": 20.0,
      "fov": 20.0,
      "label": "def_v2_1",
      "near_clip_ratio": 0.004999999888241291,
      "projection_mode": "Perspective",
      "view_mat": [
        -0.7716058492660522,
        -1.0477378964424133e-09,
        0.6361021995544434,
        0.27152928709983826,
        0.03509024530649185,
        0.998476505279541,
        0.042565248906612396,
        -0.6335433721542358,
        -0.6351328492164612,
        0.05516442656517029,
        -0.7704299688339233,
        -3.9576048851013184,
        0.0,
        0.0,
        0.0,
        1.0
      ]
    }
  ]
}