{
  "cameras": [
    {
      "far_clip_ratio": 20.0,
      "fov": 20.0,
      "label": "def_v0",
      "near_clip_ratio": 0.004999999888241291,
      "projection_mode": "Perspective",
      "view_mat": [
        0.5004826784133911,
        -2.561137080192566e-09,
        0.8657498359680176,
        -0.5357574224472046,
        0.5626192092895508,
        0.7600511312484741,
        -0.3252447843551636,
        -1.292176604270935,
        -0.6580138206481934,
        0.6498655080795288,
        0.3803896903991699,
        -11.09804630279541,
        0.0,
        0.0,
        0.0,
        1.0
      ]
    },
    {
      "far_clip_ratio": 20.0,
      "fov": 20.0,
      "label": "def_v1",
      "near_clip_ratio": 0.004999999888241291,
      "projection_mode": "Perspective",
      "view_mat": [
        0.5004826784133911,
        -2.561137080192566e-09,
        0.8657498359680176,
        -1.4887831211090088,
        0.5626192092895508,
        0.7600511312484741,
        -0.3252447843551636,
        -0.4217347800731659,
        -0.6580138206481934,
        0.6498655080795288,
        0.3803896903991699,
        -10.405224800109863,
        0.0,
        0.0,
        0.0,
        1.0
      ]
    },
    {
      "far_clip_ratio": 20.0,
      "fov": 20.0,
      "label": "def_v2",
      "near_clip_ratio": 0.004999999888241291,
      "projection_mode": "Perspective",
      "view_mat": [
        0.5803074240684509,
        -4.423782229423523e-09,
        0.8144024610519409,
        -0.7592896223068237,
        0.40884003043174744,
        0.8648611307144165,
        -0.291321337223053,
        -0.4921543598175049,
        -0.7043434977531433,
        0.5020148754119873,
        0.5018821358680725,
        -10.368879318237305,
        0.0,
        0.0,
        0.0,
        1.0
      ]
    },
    {
      "far_clip_ratio": 20.0,
      "fov": 20.0,
      "label": "def_v0_1",
      "near_clip_ratio": 0.004999999888241291,
      "projection_mode": "Perspective",
      "view_mat": [
        0.8754417300224304,
        -2.3283064365386963e-10,
        0.4833313226699829,
        -0.5320276618003845,
        -0.322498619556427,
        0.7448396682739258,
        0.5841318964958191,
        -1.2967000007629395,
        -0.3600063621997833,
        -0.6672453284263611,
        0.6520607471466064,
        -10.72433090209961,
        0.0,
        0.0,
        0.0,
        1.0
      ]
    },
    {
      "far_clip_ratio": 20.0,
      "fov": 20.0,
      "label": "def_v1_1",
      "near_clip_ratio": 0.004999999888241291,
      "projection_mode": "Perspective",
      "view_mat": [
        -0.5300642251968384,
        -1.0477378964424133e-09,
        0.8479615449905396,
        -0.9646157026290894,
        0.33020997047424316,
        0.9210627675056458,
        0.20641611516475677,
        -0.6518664360046387,
        -0.7810224890708923,
        0.38941851258277893,
        -0.4882228970527649,
        -9.779189109802246,
        0.0,
        0.0,
        0.0,
        1.0
      ]
    },
    {
      "far_clip_ratio": 20.0,
      "fov": 20.0,
      "label": "def_v2_1",
      "near_clip_ratio": 0.004999999888241291,
      "projection_mode": "Perspective",
      "view_mat": [
        -0.6128702163696289,
        -3.4924596548080444e-09,
        0.7901892066001892,
        -0.15059423446655273,
        0.34502094984054565,
        0.899641752243042,
        0.26759830117225647,
        -0.7570949792861938,
        -0.7108837962150574,
        0.43663308024406433,
        -0.5513631701469421,
        -9.806296348571777,
        0.0,
        0.0,
        0.0,
        1.0
      ]
    }
  ]
}