{
  "cameras": [
    {
      "far_clip_ratio": 20.0,
      "fov": 20.0,
      "label": "def_v0",
      "near_clip_ratio": 0.004999999888241291,
      "projection_mode": "Perspective",
      "view_mat": [
        -0.9999936819076538,
        -1.2732925824820995e-11,
        -0.0035827665124088526,
        0.5027563571929932,
        -0.0002137465780833736,
        0.9982181191444397,
        0.05965927243232727,
        -0.45531991124153137,
        0.0035763822961598635,
        0.0596596784889698,
        -0.9982118606567383,
        -6.402354717254639,
        0.0,
        0.0,
        0.0,
        1.0
      ]
    },
    {
      "far_clip_ratio": 20.0,
      "fov": 20.0,
      "label": "def_v0_1",
      "near_clip_ratio": 0.004999999888241291,
      "projection_mode": "Perspective",
      "view_mat": [
        -0.9999077916145325,
        -1.4551915228366852e-11,
        0.01360430009663105,
        0.4941253960132599,
        0.004926058929413557,
        0.9321398138999939,
        0.3620622456073761,
        -0.5842903852462769,
        -0.012681105174124241,
        0.36209598183631897,
        -0.9320537447929382,
        -6.540352821350098,
        0.0,
        0.0,
        0.0,
        1.0
      ]
    },
    {
      "far_clip_ratio": 20.0,
      "fov": 20.0,
      "label": "def_v1",
      "near_clip_ratio": 0.004999999888241291,
      "projection_mode": "Perspective",
      "view_mat": [
        -1.0,
        0.0,
        -8.742277657347586e-08,
        0.4922458231449127,
        -2.202814153307031e-09,
        0.9996821284294128,
        0.02519724704325199,
        -0.7470667362213135,
        8.73950511959265e-08,
        0.02519724704325199,
        -0.9996821284294128,
        -5.7472243309021,
        0.0,
        0.0,
        0.0,
        1.0
      ]
    },
    {
      "far_clip_ratio": 20.0,
      "fov": 20.0,
      "label": "def_v1_1",
      "near_clip_ratio": 0.004999999888241291,
      "projection_mode": "Perspective",
      "view_mat": [
        -0.9996048808097839,
        -7.275957614183426e-11,
        0.028121288865804672,
        0.4779965579509735,
        0.011324107646942139,
        0.9153366088867188,
        0.4025287926197052,
        -0.9097404479980469,
        -0.025740448385477066,
        0.4026881754398346,
        -0.91497403383255,
        -5.917809963226318,
        0.0,
        0.0,
        0.0,
        1.0
      ]
    },
    {
      "far_clip_ratio": 20.0,
      "fov": 20.0,
      "label": "def_v2_1",
      "near_clip_ratio": 0.004999999888241291,
      "projection_mode": "Perspective",
      "view_mat": [
        -0.9996048808097839,
        -7.275957614183426e-11,
        0.028121288865804672,
        0.4779965579509735,
        0.011324107646942139,
        0.9153366088867188,
        0.4025287926197052,
        -0.9097404479980469,
        -0.025740448385477066,
        0.4026881754398346,
        -0.91497403383255,
        -5.917809963226318,
        0.0,
        0.0,
        0.0,
        1.0
      ]
    },
    {
      "far_clip_ratio": 20.0,
      "fov": 20.0,
      "label": "def_v2",
      "near_clip_ratio": 0.004999999888241291,
      "projection_mode": "Perspective",
      "view_mat": [
        -1.0,
        0.0,
        -8.742277657347586e-08,
        0.4922458231449127,
        -2.202814153307031e-09,
        0.9996821284294128,
        0.02519724704325199,
        -0.7470667362213135,
        8.73950511959265e-08,
        0.02519724704325199,
        -0.9996821284294128,
        -5.7472243309021,
        0.0,
        0.0,
        0.0,
        1.0
      ]
    }
  ]
}