{
  "cameras": [
    {
      "far_clip_ratio": 20.0,
      "fov": 20.0,
      "label": "def_v1",
      "near_clip_ratio": 0.004999999888241291,
      "projection_mode": "Perspective",
      "view_mat": [
        -0.9999805092811584,
        0.0,
        0.0062498366460204124,
        0.6070619821548462,
        0.0,
        1.0,
        0.0,
        -0.34572097659111023,
        -0.0062498366460204124,
        0.0,
        -0.9999805092811584,
        -3.401641607284546,
        0.0,
        0.0,
        0.0,
        1.0
      ]
    },
    {
      "far_clip_ratio": 20.0,
      "fov": 20.0,
      "label": "def_v2",
      "near_clip_ratio": 0.004999999888241291,
      "projection_mode": "Perspective",
      "view_mat": [
        -1.0,
        0.0,
        -8.742277657347586e-08,
        0.512994110584259,
        0.0,
        1.0,
        0.0,
        -0.3527909815311432,
        8.742277657347586e-08,
        0.0,
        -1.0,
        -3.1729729175567627,
        0.0,
        0.0,
        0.0,
        1.0
      ]
    },
    {
      "far_clip_ratio": 20.0,
      "fov": 20.0,
      "label": "def_v1_1",
      "near_clip_ratio": 0.004999999888241291,
      "projection_mode": "Perspective",
      "view_mat": [
        -0.8738112449645996,
        -6.984919309616089e-10,
        -0.48626741766929626,
        0.5795018672943115,
        -0.14602744579315186,
        0.9538429379463196,
        0.262408047914505,
        -0.27853086590766907,
        0.46382296085357666,
        0.30030322074890137,
        -0.8334788084030151,
        -3.733942985534668,
        0.0,
        0.0,
        0.0,
        1.0
      ]
    },
    {
      "far_clip_ratio": 20.0,
      "fov": 45.0,
      "label": "def_v2_2",
      "near_clip_ratio": 0.004999999888241291,
      "projection_mode": "Perspective",
      "view_mat": [
        -0.8343527317047119,
        2.3283064365386963e-10,
        0.5512306094169617,
        0.3802255690097809,
        0.04893391579389572,
        0.9960519671440125,
        0.07406730204820633,
        -0.36473891139030457,
        -0.5490541458129883,
        0.08877210319042206,
        -0.8310588002204895,
        -1.3132824897766113,
        0.0,
        0.0,
        0.0,
        1.0
      ]
    },
    {
      "far_clip_ratio": 20.0,
      "fov": 20.0,
      "label": "def_v2_1",
      "near_clip_ratio": 0.004999999888241291,
      "projection_mode": "Perspective",
      "view_mat": [
        -0.8288486003875732,
        -4.656612873077393e-10,
        0.5594738125801086,
        0.38706380128860474,
        0.09541767090559006,
        0.9853489398956299,
        0.1413593590259552,
        -0.40653663873672485,
        -0.5512768030166626,
        0.17054899036884308,
        -0.8167051076889038,
        -2.9589736461639404,
        0.0,
        0.0,
        0.0,
        1.0
      ]
    }
  ]
}