{
  "cameras": [
    {
      "far_clip_ratio": 20.0,
      "fov": 20.0,
      "label": "def_v1",
      "near_clip_ratio": 0.004999999888241291,
      "projection_mode": "Perspective",
      "view_mat": [
        -0.9999986886978149,
        -4.220055416226387e-10,
        -0.002019735751673579,
        0.27119287848472595,
        0.0019974804017692804,
        0.14802783727645874,
        -0.9889803528785706,
        0.4079045057296753,
        0.0002989848144352436,
        -0.988982617855072,
        -0.14802761375904083,
        -4.119338512420654,
        0.0,
        0.0,
        0.0,
        1.0
      ]
    },
    {
      "far_clip_ratio": 20.0,
      "fov": 20.0,
      "label": "def_v1_1",
      "near_clip_ratio": 0.004999999888241291,
      "projection_mode": "Perspective",
      "view_mat": [
        -1.0000026226043701,
        7.678409019717947e-10,
        -0.0004569870652630925,
        0.2704125642776489,
        0.0003898798022419214,
        -0.5214864611625671,
        -0.8532593846321106,
        0.4140895903110504,
        -0.00023831776343286037,
        -0.8532568216323853,
        0.5214886665344238,
        -4.468869686126709,
        0.0,
        0.0,
        0.0,
        1.0
      ]
    },
    {
      "far_clip_ratio": 20.0,
      "fov": 20.0,
      "label": "def_v2",
      "near_clip_ratio": 0.004999999888241291,
      "projection_mode": "Perspective",
      "view_mat": [
        -0.9999986886978149,
        -4.220055416226387e-10,
        -0.002019735751673579,
        0.27119287848472595,
        0.0019974804017692804,
        0.14802783727645874,
        -0.9889803528785706,
        0.4079045057296753,
        0.0002989848144352436,
        -0.988982617855072,
        -0.14802761375904083,
        -4.119338512420654,
        0.0,
        0.0,
        0.0,
        1.0
      ]
    },
    {
      "far_clip_ratio": 20.0,
      "fov": 45.0,
      "label": "def_v2_2",
      "near_clip_ratio": 0.004999999888241291,
      "projection_mode": "Perspective",
      "view_mat": [
        -0.9999687075614929,
        -5.238689482212067e-10,
        0.008081029169261456,
        0.26507726311683655,
        -0.007093442138284445,
        -0.4790518581867218,
        -0.8777576684951782,
        0.423735111951828,
        0.0038712352979928255,
        -0.8777864575386047,
        0.47903671860694885,
        -1.8881372213363647,
        0.0,
        0.0,
        0.0,
        1.0
      ]
    },
    {
      "far_clip_ratio": 20.0,
      "fov": 20.0,
      "label": "def_v2_1",
      "near_clip_ratio": 0.004999999888241291,
      "projection_mode": "Perspective",
      "view_mat": [
        -1.0000008344650269,
        -2.7557689463719726e-10,
        -0.00045723747462034225,
        0.2704122066497803,
        0.0004210658371448517,
        -0.3898285925388336,
        -0.9208859801292419,
        0.4334205389022827,
        -0.00017823581583797932,
        -0.9208859801292419,
        0.38982871174812317,
        -4.395621299743652,
        0.0,
        0.0,
        0.0,
        1.0
      ]
    }
  ]
}