{
  "cameras": [
    {
      "far_clip_ratio": 20.0,
      "fov": 20.0,
      "label": "def_v1",
      "near_clip_ratio": 0.004999999888241291,
      "projection_mode": "Perspective",
      "view_mat": [
        -1.0,
        0.0,
        -8.742277657347586e-08,
        0.19989967346191406,
        0.0,
        1.0,
        0.0,
        -0.5259848833084106,
        8.742277657347586e-08,
        0.0,
        -1.0,
        -4.374350547790527,
        0.0,
        0.0,
        0.0,
        1.0
      ]
    },
    {
      "far_clip_ratio": 20.0,
      "fov": 20.0,
      "label": "def_v1_1",
      "near_clip_ratio": 0.004999999888241291,
      "projection_mode": "Perspective",
      "view_mat": [
        -0.9299339056015015,
        -3.4924596548080444e-10,
        -0.36772608757019043,
        0.25539925694465637,
        -0.14937295019626617,
        0.9137793779373169,
        0.3777463436126709,
        -0.5244682431221008,
        0.336020827293396,
        0.40620747208595276,
        -0.8497555255889893,
        -4.672771453857422,
        0.0,
        0.0,
        0.0,
        1.0
      ]
    },
    {
      "far_clip_ratio": 20.0,
      "fov": 20.0,
      "label": "def_v2",
      "near_clip_ratio": 0.004999999888241291,
      "projection_mode": "Perspective",
      "view_mat": [
        -1.0,
        0.0,
        -8.742277657347586e-08,
        0.19989967346191406,
        0.0,
        1.0,
        0.0,
        -0.5259848833084106,
        8.742277657347586e-08,
        0.0,
        -1.0,
        -4.374350547790527,
        0.0,
        0.0,
        0.0,
        1.0
      ]
    },
    {
      "far_clip_ratio": 20.0,
      "fov": 45.0,
      "label": "def_v2_2",
      "near_clip_ratio": 0.004999999888241291,
      "projection_mode": "Perspective",
      "view_mat": [
        -0.9019808769226074,
        -1.862645149230957e-09,
        -0.4317792057991028,
        0.27679428458213806,
        -0.17985112965106964,
        0.9091200232505798,
        0.3757060170173645,
        -0.5137804746627808,
        0.3925395905971527,
        0.4165349006652832,
        -0.8200072646141052,
        -1.9568721055984497,
        0.0,
        0.0,
        0.0,
        1.0
      ]
    },
    {
      "far_clip_ratio": 20.0,
      "fov": 20.0,
      "label": "def_v3",
      "near_clip_ratio": 0.004999999888241291,
      "projection_mode": "Perspective",
      "view_mat": [
        -1.0,
        0.0,
        -8.742277657347586e-08,
        0.19989967346191406,
        0.0,
        1.0,
        0.0,
        -0.5259848833084106,
        8.742277657347586e-08,
        0.0,
        -1.0,
        -4.374350547790527,
        0.0,
        0.0,
        0.0,
        1.0
      ]
    },
    {
      "far_clip_ratio": 20.0,
      "fov": 20.0,
      "label": "def_v2_1",
      "near_clip_ratio": 0.004999999888241291,
      "projection_mode": "Perspective",
      "view_mat": [
        -0.9299339056015015,
        -3.4924596548080444e-10,
        -0.36772608757019043,
        0.25539925694465637,
        -0.14937295019626617,
        0.9137793779373169,
        0.3777463436126709,
        -0.5244682431221008,
        0.336020827293396,
        0.40620747208595276,
        -0.8497555255889893,
        -4.672771453857422,
        0.0,
        0.0,
        0.0,
        1.0
      ]
    },
    {
      "far_clip_ratio": 20.0,
      "fov": 20.0,
      "label": "def_v3_1",
      "near_clip_ratio": 0.004999999888241291,
      "projection_mode": "Perspective",
      "view_mat": [
        -0.9299339056015015,
        -3.4924596548080444e-10,
        -0.36772608757019043,
        0.25539925694465637,
        -0.14937295019626617,
        0.9137793779373169,
        0.3777463436126709,
        -0.5244682431221008,
        0.336020827293396,
        0.40620747208595276,
        -0.8497555255889893,
        -4.672771453857422,
        0.0,
        0.0,
        0.0,
        1.0
      ]
    },
    {
      "far_clip_ratio": 20.0,
      "fov": 20.0,
      "label": "def_v4_1",
      "near_clip_ratio": 0.004999999888241291,
      "projection_mode": "Perspective",
      "view_mat": [
        -0.9299339056015015,
        -3.4924596548080444e-10,
        -0.36772608757019043,
        0.25539925694465637,
        -0.14937295019626617,
        0.9137793779373169,
        0.3777463436126709,
        -0.5244682431221008,
        0.336020827293396,
        0.40620747208595276,
        -0.8497555255889893,
        -4.672771453857422,
        0.0,
        0.0,
        0.0,
        1.0
      ]
    },
    {
      "far_clip_ratio": 20.0,
      "fov": 20.0,
      "label": "def_v4",
      "near_clip_ratio": 0.004999999888241291,
      "projection_mode": "Perspective",
      "view_mat": [
        -1.0,
        0.0,
        -8.742277657347586e-08,
        0.19989967346191406,
        0.0,
        1.0,
        0.0,
        -0.5259848833084106,
        8.742277657347586e-08,
        0.0,
        -1.0,
        -4.374350547790527,
        0.0,
        0.0,
        0.0,
        1.0
      ]
    }
  ]
}