{
  "cameras": [
    {
      "far_clip_ratio": 20.0,
      "fov": 20.0,
      "label": "def_v1",
      "near_clip_ratio": 0.004999999888241291,
      "projection_mode": "Perspective",
      "view_mat": [
        -0.9999821186065674,
        -5.384208634495735e-10,
        -0.006060708314180374,
        0.07612334936857224,
        0.006040372885763645,
        0.08181560784578323,
        -0.9966293573379517,
        0.48286426067352295,
        0.00049589853733778,
        -0.9966476559638977,
        -0.08181402832269669,
        -4.183465003967285,
        0.0,
        0.0,
        0.0,
        1.0
      ]
    },
    {
      "far_clip_ratio": 20.0,
      "fov": 20.0,
      "label": "def_v1_1",
      "near_clip_ratio": 0.004999999888241291,
      "projection_mode": "Perspective",
      "view_mat": [
        -0.7699726223945618,
        0.0,
        -0.6380778551101685,
        0.37403422594070435,
        0.28691357374191284,
        0.8932027220726013,
        -0.3462201654911041,
        0.07171457260847092,
        0.5699325799942017,
        -0.44965261220932007,
        -0.6877418160438538,
        -3.9683473110198975,
        0.0,
        0.0,
        0.0,
        1.0
      ]
    },
    {
      "far_clip_ratio": 20.0,
      "fov": 20.0,
      "label": "def_v2_1",
      "near_clip_ratio": 0.004999999888241291,
      "projection_mode": "Perspective",
      "view_mat": [
        -0.7699726223945618,
        0.0,
        -0.6380778551101685,
        0.37403422594070435,
        0.28691357374191284,
        0.8932027220726013,
        -0.3462201654911041,
        0.07171457260847092,
        0.5699325799942017,
        -0.44965261220932007,
        -0.6877418160438538,
        -3.9683473110198975,
        0.0,
        0.0,
        0.0,
        1.0
      ]
    },
    {
      "far_clip_ratio": 20.0,
      "fov": 20.0,
      "label": "def_v2",
      "near_clip_ratio": 0.004999999888241291,
      "projection_mode": "Perspective",
      "view_mat": [
        -0.9999821186065674,
        -5.384208634495735e-10,
        -0.006060708314180374,
        0.07612334936857224,
        0.006040372885763645,
        0.08181560784578323,
        -0.9966293573379517,
        0.48286426067352295,
        0.00049589853733778,
        -0.9966476559638977,
        -0.08181402832269669,
        -4.183465003967285,
        0.0,
        0.0,
        0.0,
        1.0
      ]
    },
    {
      "far_clip_ratio": 20.0,
      "fov": 20.0,
      "label": "def_v3",
      "near_clip_ratio": 0.004999999888241291,
      "projection_mode": "Perspective",
      "view_mat": [
        -0.9999821186065674,
        -5.384208634495735e-10,
        -0.006060708314180374,
        0.07492280006408691,
        0.006040372885763645,
        0.08181560784578323,
        -0.9966293573379517,
        0.39269354939460754,
        0.00049589853733778,
        -0.9966476559638977,
        -0.08181402832269669,
        -4.5932512283325195,
        0.0,
        0.0,
        0.0,
        1.0
      ]
    },
    {
      "far_clip_ratio": 20.0,
      "fov": 20.0,
      "label": "def_v3_1",
      "near_clip_ratio": 0.004999999888241291,
      "projection_mode": "Perspective",
      "view_mat": [
        -0.8813912868499756,
        -4.656612873077393e-10,
        -0.47238889336586,
        0.2987558841705322,
        0.24364270269870758,
        0.8567283153533936,
        -0.4545935094356537,
        0.04200524091720581,
        0.40470871329307556,
        -0.5157673954963684,
        -0.7551131844520569,
        -4.326245307922363,
        0.0,
        0.0,
        0.0,
        1.0
      ]
    }
  ]
}