{
  "cameras": [
    {
      "far_clip_ratio": 20.0,
      "fov": 20.0,
      "label": "def_v1",
      "near_clip_ratio": 0.004999999888241291,
      "projection_mode": "Perspective",
      "view_mat": [
        0.7807536125183105,
        1.0477378964424133e-08,
        -0.6248390078544617,
        0.18934579193592072,
        0.6105344295501709,
        -0.2127498984336853,
        0.7628797292709351,
        -0.45859426259994507,
        -0.13293437659740448,
        -0.977106511592865,
        -0.16610534489154816,
        -3.709996461868286,
        0.0,
        0.0,
        0.0,
        1.0
      ]
    },
    {
      "far_clip_ratio": 20.0,
      "fov": 20.0,
      "label": "def_v1_1",
      "near_clip_ratio": 0.004999999888241291,
      "projection_mode": "Perspective",
      "view_mat": [
        0.7402023077011108,
        1.0128132998943329e-08,
        -0.6723849177360535,
        0.21854867041110992,
        0.36238130927085876,
        -0.8423378467559814,
        0.39893171191215515,
        -0.2280844897031784,
        -0.5663753747940063,
        -0.5389490723609924,
        -0.623500406742096,
        -3.4339137077331543,
        0.0,
        0.0,
        0.0,
        1.0
      ]
    },
    {
      "far_clip_ratio": 20.0,
      "fov": 20.0,
      "label": "def_v2",
      "near_clip_ratio": 0.004999999888241291,
      "projection_mode": "Perspective",
      "view_mat": [
        -0.7510061860084534,
        2.2118911147117615e-09,
        -0.6602974534034729,
        0.46561917662620544,
        0.6389238834381104,
        -0.25236982107162476,
        -0.7266967296600342,
        0.28606536984443665,
        -0.16663838922977448,
        -0.9676324129104614,
        0.18953187763690948,
        -4.298084259033203,
        0.0,
        0.0,
        0.0,
        1.0
      ]
    },
    {
      "far_clip_ratio": 20.0,
      "fov": 45.0,
      "label": "def_v2_2",
      "near_clip_ratio": 0.004999999888241291,
      "projection_mode": "Perspective",
      "view_mat": [
        -0.7053508758544922,
        4.656612873077393e-10,
        -0.7088615298271179,
        0.4303494989871979,
        0.46509867906570435,
        -0.7546563148498535,
        -0.46279600262641907,
        0.18689343333244324,
        -0.5349453687667847,
        -0.6561228632926941,
        0.5322971940040588,
        -1.6294976472854614,
        0.0,
        0.0,
        0.0,
        1.0
      ]
    },
    {
      "far_clip_ratio": 20.0,
      "fov": 20.0,
      "label": "def_v2_1",
      "near_clip_ratio": 0.004999999888241291,
      "projection_mode": "Perspective",
      "view_mat": [
        -0.7732558250427246,
        3.026798367500305e-09,
        -0.6340965628623962,
        0.45549798011779785,
        0.412628173828125,
        -0.7593066096305847,
        -0.5031841397285461,
        0.21693599224090576,
        -0.48147255182266235,
        -0.6507357358932495,
        0.5871381759643555,
        -4.462435245513916,
        0.0,
        0.0,
        0.0,
        1.0
      ]
    }
  ]
}